%eval_id interface T              sigma_f        phi            response_fn_1  
1        NO_ID      6644.716506    55967.24879    0.8075380969   6486.800471    
2        NO_ID      13325.15199    47266.66856    1.032096907    7963.634904    
3        NO_ID      15478.84312    43790.23131    0.9135361751   11807.74926    
4        NO_ID      17387.0223     50830.29375    1.017202587    10697.70018    
5        NO_ID      16263.25204    49392.51144    1.055663298    9290.448271    
6        NO_ID      9682.261446    44814.26565    0.7648485006   10536.73577    
7        NO_ID      14272.28087    45202.57693    1.000738524    9072.61057     
8        NO_ID      15012.47206    51056.13134    1.04063824     8825.366983    
9        NO_ID      7815.782615    40763.32614    1.138749437    3837.03927     
10       NO_ID      17683.47673    43006.34904    1.074871223    9743.946854    
11       NO_ID      18740.94017    60485.17441    1.194882945    8356.42986     
12       NO_ID      20611.37868    49205.74548    1.083048323    11186.42968    
13       NO_ID      6648.319577    53064.91038    0.9333719      4858.280283    
14       NO_ID      12795.85566    44088.77214    1.065214402    7179.189159    
15       NO_ID      24350.06738    45714.14461    1.103613337    12727.59684    
16       NO_ID      16197.29008    47774.86834    1.14608568     7850.337181    
17       NO_ID      16555.11937    50462.85988    0.8992821625   13032.28237    
18       NO_ID      14571.29738    50395.8747     1.129185347    7275.249254    
19       NO_ID      15604.55924    41957.99479    1.105330142    8131.068173    
20       NO_ID      9060.677054    49753.7393     1.128525623    4529.162743    
21       NO_ID      21112.11468    42678.0394     0.8951294733   16774.13543    
22       NO_ID      7053.371951    46891.35387    0.9449899574   5028.31554     
23       NO_ID      14216.33626    38654.65474    1.153389877    6803.236049    
24       NO_ID      20416.6672     52708.64747    1.060806758    11550.27747    
25       NO_ID      19241.63719    56034.40403    0.9794843205   12768.12624    
26       NO_ID      20774.45927    58294.33999    1.018270392    12755.0927     
27       NO_ID      7218.114295    53601.15382    1.018175088    4432.604098    
28       NO_ID      19255.43666    57689.57554    0.9438012977   13761.7085     
29       NO_ID      10003.30706    48787.57666    1.094995305    5311.280146    
30       NO_ID      15038.64214    51518.41412    1.199984406    6648.712332    
31       NO_ID      19535.79138    46292.88601    0.9894051607   12704.65246    
32       NO_ID      14406.16289    50861.63305    0.8930558418   11499.29493    
33       NO_ID      14530.27724    47163.43776    0.9082719618   11213.00997    
34       NO_ID      14196.60889    44222.49592    0.9892090504   9236.098982    
35       NO_ID      9831.473177    37499.66914    0.9790151557   6530.100898    
36       NO_ID      13272.85558    52888.46878    1.098754206    6999.119218    
37       NO_ID      4943.215775    56598.4562     0.8894104352   3978.187513    
38       NO_ID      19485.41975    50032.07959    1.039667386    11476.27768    
39       NO_ID      11118.60443    54561.64209    1.128205223    5561.016589    
40       NO_ID      22497.96632    54790.76117    1.016594171    13858.88065    
41       NO_ID      17688.11467    51493.84319    1.023757206    10744.04267    
42       NO_ID      18716.66457    49108.78007    1.07293841     10350.44434    
43       NO_ID      19454.87926    51602.91338    0.8548659542   16947.7723     
44       NO_ID      19010.11458    49644.16647    1.01431007     11763.14318    
45       NO_ID      12033.11238    52486.82722    1.022878453    7321.668048    
46       NO_ID      15037.18404    62063.24714    0.9664324219   10249.52303    
47       NO_ID      22362.08822    50449.94041    0.8113992638   21623.36408    
48       NO_ID      10638.44639    46041.27964    1.052253144    6116.709683    
49       NO_ID      16880.14485    45376.42402    0.8320543342   15522.18723    
50       NO_ID      13697.02704    45921.95314    0.9574331375   9512.387351    
51       NO_ID      22192.98472    48412.14172    1.18228449     10107.68858    
52       NO_ID      9027.413232    52215.82022    0.9229029702   6747.32079     
53       NO_ID      11975.04688    60252.23809    1.014529452    7406.75581     
54       NO_ID      14970.71823    56769.72029    0.9057886304   11616.33236    
55       NO_ID      13652.62842    45003.14994    0.9231254962   10199.4065     
56       NO_ID      10765.38022    52687.58123    1.040579061    6329.35319     
57       NO_ID      11570.60068    42102.71518    0.8626341379   9898.804491    
58       NO_ID      11823.64891    49725.3084     0.966004827    8066.275576    
59       NO_ID      12617.17738    49705.83607    1.166842911    5899.531813    
60       NO_ID      13694.42579    48948.97108    1.16527575     6420.465733    
61       NO_ID      16945.21914    58684.73853    1.158382025    8039.401032    
62       NO_ID      16424.13806    50354.03443    1.07693722     9015.336389    
63       NO_ID      12771.57067    51424.62228    0.9066473064   9891.170372    
64       NO_ID      15857.67762    40268.90067    1.060273786    8980.151413    
65       NO_ID      3855.085389    44109.5633     0.9001135125   3029.141509    
66       NO_ID      18860.55762    54041.20619    1.255259653    7620.22004     
67       NO_ID      14278.89091    50800.01686    0.9822254846   9422.197482    
68       NO_ID      19246.58703    49672.1489     0.8794813698   15840.92591    
69       NO_ID      6278.656289    58134.61257    1.191279959    2816.560997    
70       NO_ID      15875.23508    61742.38999    1.025115996    9617.324444    
71       NO_ID      6433.246985    48508.15402    1.031089329    3852.279269    
72       NO_ID      21962.56853    48886.804      0.840186434    19806.69084    
73       NO_ID      13178.50373    52083.41253    1.117034622    6723.771696    
74       NO_ID      27864.53173    51103.07168    0.99440018     17939.46485    
75       NO_ID      14185.92761    43917.42281    1.150343357    6824.689296    
76       NO_ID      18604.7649     56406.76634    0.8969532339   14721.92868    
77       NO_ID      18952.09747    45109.51788    0.9146786549   14421.16399    
78       NO_ID      15770.01339    42548.95781    0.927495288    11670.48114    
79       NO_ID      15417.96729    49223.72164    0.8588871421   13305.61768    
80       NO_ID      21682.77295    47796.02618    1.054327034    12417.78855    
81       NO_ID      26151.96463    52191.58486    0.9094456359   20129.40587    
82       NO_ID      14834.95174    47387.22105    0.8391640879   13411.34952    
83       NO_ID      20941.46993    53193.99343    0.9676204944   14238.9239     
84       NO_ID      15773.01794    54066.27633    1.013190159    9781.669713    
85       NO_ID      12814.44506    56304.5267     0.8892418057   10316.68529    
86       NO_ID      19042.90863    51708.68733    0.9396365284   13730.72987    
87       NO_ID      3980.890951    53310.76484    0.9525430229   2793.130348    
88       NO_ID      17468.42459    56965.26368    0.9541216477   12215.92516    
89       NO_ID      13426.20387    51360.06125    1.140778457    6567.96361     
90       NO_ID      17806.47858    40187.83287    1.017391784    10951.70439    
91       NO_ID      10504.26298    53970.26632    0.8826652863   8583.286628    
92       NO_ID      18190.36259    52479.48153    1.028809978    10940.85201    
93       NO_ID      16467.05734    37652.22426    0.9548202463   11498.80958    
94       NO_ID      8542.117906    45995.3992     1.175602955    3934.815254    
95       NO_ID      23647.45598    45258.10052    0.9609298105   16303.51381    
96       NO_ID      12243.71203    44872.69316    1.049805099    7072.547514    
97       NO_ID      13344.05364    53892.75577    1.054788732    7635.490452    
98       NO_ID      17267.157      51592.09855    0.9568362548   12006.75685    
99       NO_ID      14120.05592    48503.00026    0.9338299649   10308.15472    
100      NO_ID      24825.76594    44411.13597    1.071650928    13761.82688    
